-28489, 0.25, 1.80, -0.00
-28476, -0.02, 1.58, -0.04
-28463, 0.15, 3.28, 0.02
-28450, -0.08, 2.40, 0.04
-28437, -0.15, 0.73, -0.04
-28424, 0.20, 2.94, -0.03
-28411, 0.10, 4.05, -0.01
-28398, 0.04, 4.47, -0.03
-28385, 0.14, 6.00, -0.08
-28372, 0.32, 9.54, 0.04
-28359, -0.19, 7.40, 0.00
-28346, 0.00, 7.41, 0.02
-28333, -0.10, 6.34, 0.07
-28319, -0.30, 3.08, -0.03
-28306, 0.14, 4.63, 0.00
-28293, -0.02, 4.41, 0.02
-28280, -0.07, 3.70, -0.02
-28267, 0.11, 4.91, 0.07
-28254, -0.32, 1.36, 0.07
-28241, -0.29, -1.85, 0.02
-28228, -0.06, -2.54, 0.06
-28215, -0.25, -5.29, 0.04
-28202, -0.16, -7.10, 0.11
-28189, -0.45, -11.99, 0.02
-28176, -0.03, -12.35, -0.01
-28163, 0.05, -11.80, -0.01
-28149, 0.05, -11.28, -0.05
-28136, 0.22, -8.87, 0.01
-28123, -0.04, -9.34, 0.04
-28110, -0.17, -11.21, 0.13
-28097, -0.56, -17.35, -0.01
-28084, 0.08, -16.50, -0.07
-28071, 0.30, -13.23, -0.03
-28058, 0.10, -12.12, -0.06
-28045, 0.25, -9.40, 0.02
-28032, -0.10, -10.52, 0.05
-28019, -0.20, -12.75, 0.10
-28006, -0.42, -17.41, -0.02
-27993, 0.15, -15.81, -0.09
-27980, 0.40, -11.43, -0.06
-27967, 0.21, -9.14, -0.04
-27954, 0.14, -7.65, 0.05
-27941, -0.24, -10.32, 0.06
-27928, -0.24, -12.98, 0.14
-27915, -0.58, -19.40, 0.01
-27902, 0.02, -19.22, -0.07
-27889, 0.31, -15.79, -0.02
-27876, 0.04, -15.30, -0.03
-27863, 0.13, -13.83, 0.04
-27849, -0.21, -16.10, 0.09
-27836, -0.40, -20.45, -0.05
-27823, 0.24, -17.85, -0.01
-27810, 0.03, -17.54, -0.10
-27797, 0.44, -12.65, -0.08
-27784, 0.32, -9.17, 0.08
-27771, -0.39, -13.49, 0.08
-27758, -0.33, -17.12, -0.02
-27745, 0.13, -15.71, -0.03
-27732, 0.14, -14.12, -0.11
-27719, 0.47, -8.92, -0.13
-27706, 0.51, -3.30, 0.04
-27693, -0.21, -5.65, 0.00
-27679, -0.00, -5.69, -0.01
-27666, 0.02, -5.43, 0.03
-27653, -0.13, -6.86, -0.09
-27640, 0.41, -2.31, -0.07
-27627, 0.25, 0.49, 0.02
-27614, -0.12, -0.86, -0.01
-27601, 0.04, -0.37, -0.02
-27588, 0.07, 0.38, -0.04
-27575, 0.16, 2.10, -0.08
-27562, 0.33, 5.71, -0.15
-27549, 0.61, 12.48, -0.02
-27536, 0.04, 12.92, 0.01
-27523, -0.04, 12.43, 0.01
-27509, -0.02, 12.17, 0.03
-27496, -0.11, 10.90, -0.09
-27483, 0.41, 15.39, -0.14
-27470, 0.58, 21.82, -0.03
-27457, 0.07, 22.53, -0.03
-27444, 0.14, 24.11, -0.03
-27431, 0.11, 25.27, 0.09
-27418, -0.38, 21.04, -0.01
-27405, 0.08, 21.96, -0.05
-27392, 0.21, 24.26, -0.04
-27379, 0.16, 25.97, -0.01
-27366, 0.02, 26.18, -0.03
-27353, 0.11, 27.45, 0.01
-27340, -0.05, 26.88, 0.06
-27327, -0.24, 24.25, -0.05
-27314, 0.23, 26.84, -0.03
-27301, 0.11, 28.10, 0.09
-27288, -0.39, 23.83, -0.03
-27275, 0.17, 25.75, 0.00
-27262, -0.03, 25.44, 0.11
-27249, -0.49, 20.09, -0.03
-27236, 0.15, 21.77, 0.01
-27223, -0.07, 21.05, 0.02
-27209, -0.07, 20.23, -0.01
-27196, 0.07, 20.97, 0.05
-27183, -0.21, 18.67, 0.02
-27170, -0.08, 17.82, -0.08
-27157, 0.38, 21.97, 0.10
-27144, -0.47, 16.84, 0.01
-27131, -0.02, 16.61, -0.00
-27118, 0.02, 16.83, 0.01
-27105, -0.03, 16.55, 0.02
-27092, -0.08, 15.62, -0.00
-27079, 0.01, 15.75, -0.04
-27066, 0.20, 17.91, -0.01
-27053, 0.04, 18.36, -0.01
-27039, 0.02, 18.58, 0.00
-27026, -0.01, 18.47, -0.05
-27013, 0.20, 20.69, -0.06
-27000, 0.24, 23.31, 0.05
-26987, -0.25, 20.56, 0.02
-26974, -0.09, 19.58, 0.02
-26961, -0.06, 18.95, -0.00
-26948, 0.03, 19.24, 0.03
-26935, -0.13, 17.84, 0.08
-26922, -0.34, 14.12, 0.06
-26909, -0.21, 11.78, 0.10
-26896, -0.40, 7.37, 0.13
-26883, -0.52, 1.70, 0.07
-26869, -0.25, -1.10, 0.03
-26856, -0.12, -2.43, 0.06
-26843, -0.23, -4.95, 0.09
-26830, -0.37, -9.01, 0.14
-26817, -0.59, -15.55, -0.01
-26804, 0.08, -14.68, -0.02
-26791, 0.07, -13.88, -0.00
-26778, 0.00, -13.86, -0.11
-26765, 0.46, -8.78, -0.02
-26752, 0.04, -8.31, 0.06
-26739, -0.29, -11.49, 0.08
-26726, -0.33, -15.12, -0.02
-26713, 0.10, -13.97, -0.06
-26700, 0.25, -11.21, -0.07
-26687, 0.31, -7.85, -0.07
-26674, 0.27, -4.91, 0.03
-26661, -0.17, -6.77, 0.05
-26648, -0.20, -8.92, 0.03
-26635, -0.10, -9.97, 0.12
-26622, -0.53, -15.76, -0.05
-26609, 0.25, -13.05, -0.06
-26596, 0.26, -10.16, 0.04
-26583, -0.20, -12.32, -0.07
-26569, 0.30, -9.02, 0.01
-26556, -0.08, -9.91, 0.02
-26543, -0.10, -10.97, 0.03
-26530, -0.13, -12.45, -0.02
-26517, 0.10, -11.38, -0.09
-26504, 0.37, -7.27, -0.08
-26491, 0.32, -3.75, -0.04
-26478, 0.13, -2.28, -0.01
-26465, 0.01, -2.17, -0.01
-26452, 0.05, -1.57, 0.01
-26439, -0.04, -1.97, -0.01
-26426, 0.04, -1.50, -0.07
-26413, 0.30, 1.82, -0.05
-26399, 0.18, 3.80, -0.00
-26386, 0.00, 3.83, -0.01
-26373, 0.04, 4.31, -0.03
-26360, 0.11, 5.53, -0.11
-26347, 0.45, 10.53, 0.02
-26334, -0.13, 9.06, 0.02
-26321, -0.10, 8.00, 0.02
-26308, -0.07, 7.23, 0.11
-26295, -0.45, 2.23, 0.02
-26282, -0.06, 1.58, -0.05
-26269, 0.24, 4.24, -0.01
-26256, 0.03, 4.53, -0.04
-26243, 0.16, 6.26, 0.02
-26229, -0.12, 4.95, 0.06
-26216, -0.26, 2.11, -0.05
-26203, 0.23, 4.65, -0.03
-26190, 0.13, 6.04, -0.11
-26177, 0.48, 11.29, -0.07
-26164, 0.27, 14.30, 0.00
-26151, -0.04, 13.86, -0.02
-26138, 0.11, 15.03, -0.02
-26125, 0.06, 15.67, -0.13
-26112, 0.56, 21.88, -0.17
-26099, 0.70, 29.59, -0.15
-26086, 0.59, 36.09, -0.18
-26073, 0.72, 43.99, -0.06
-26060, 0.21, 46.25, -0.09
-26047, 0.37, 50.35, -0.16
-26034, 0.67, 57.67, -0.14
-26021, 0.53, 63.55, -0.19
-26008, 0.80, 72.35, -0.18
-25995, 0.72, 80.27, -0.15
-25982, 0.58, 86.66, -0.20
-25969, 0.84, 95.91, -0.20
-25956, 0.82, 104.91, -0.21
-25943, 0.84, 114.10, -0.27
-25929, 1.09, 126.14, -0.22
-25916, 0.88, 135.80, -0.19
-25903, 0.77, 144.23, -0.19
-25890, 0.78, 152.78, -0.17
-25877, 0.66, 160.08, -0.18
-25864, 0.73, 168.06, -0.19
-25851, 0.78, 176.64, -0.16
-25838, 0.65, 183.77, -0.12
-25825, 0.44, 188.63, -0.08
-25812, 0.31, 192.02, -0.08
-25799, 0.31, 195.41, -0.09
-25786, 0.35, 199.21, -0.09
-25773, 0.37, 203.31, -0.03
-25759, 0.11, 204.57, -0.01
-25746, 0.04, 205.06, 0.07
-25733, -0.30, 201.73, 0.03
-25720, -0.10, 200.60, 0.08
-25707, -0.36, 196.69, 0.06
-25694, -0.25, 193.93, -0.01
-25681, 0.09, 194.88, 0.07
-25668, -0.33, 191.22, 0.08
-25655, -0.33, 187.61, 0.03
-25642, -0.10, 186.54, 0.13
-25629, -0.54, 180.58, 0.11
-25616, -0.42, 176.00, 0.10
-25603, -0.41, 171.48, 0.15
-25589, -0.63, 164.54, 0.09
-25576, -0.32, 161.05, 0.09
-25563, -0.35, 157.14, 0.10
-25550, -0.39, 152.83, 0.02
-25537, -0.04, 152.40, 0.09
-25524, -0.39, 148.08, 0.11
-25511, -0.44, 143.23, 0.06
-25498, -0.21, 140.90, 0.09
-25485, -0.38, 136.73, 0.10
-25472, -0.41, 132.23, 0.08
-25459, -0.30, 128.93, 0.11
-25446, -0.44, 124.08, 0.15
-25433, -0.60, 117.48, 0.13
-25420, -0.52, 111.77, 0.13
-25407, -0.54, 105.82, 0.20
-25394, -0.83, 96.66, 0.21
-25381, -0.84, 87.39, 0.24
-25368, -0.97, 76.69, 0.28
-25355, -1.12, 64.35, 0.25
-25342, -0.97, 53.65, 0.29
-25329, -1.18, 40.67, 0.34
-25316, -1.38, 25.45, 0.36
-25303, -1.46, 9.44, 0.31
-25289, -1.21, -3.85, 0.29
-25276, -1.17, -16.69, 0.31
-25263, -1.26, -30.52, 0.18
-25250, -0.69, -38.09, 0.32
-25237, -1.35, -52.96, 0.25
-25224, -0.98, -63.72, 0.19
-25211, -0.72, -71.60, 0.29
-25198, -1.22, -84.96, 0.21
-25185, -0.81, -93.83, 0.23
-25172, -0.92, -103.94, 0.28
-25159, -1.16, -116.66, 0.18
-25146, -0.67, -123.98, 0.17
-25133, -0.68, -131.50, 0.18
-25119, -0.74, -139.67, 0.10
-25106, -0.38, -143.85, 0.11
-25093, -0.44, -148.65, 0.15
-25080, -0.63, -155.59, 0.11
-25067, -0.43, -160.34, 0.11
-25054, -0.44, -165.15, 0.12
-25041, -0.48, -170.47, 0.08
-25028, -0.29, -173.62, 0.08
-25015, -0.32, -177.14, 0.06
-25002, -0.23, -179.67, 0.05
-24989, -0.19, -181.74, 0.07
-24976, -0.27, -184.74, 0.04
-24963, -0.16, -186.50, 0.11
-24949, -0.44, -191.40, 0.11
-24936, -0.44, -196.28, 0.08
-24923, -0.32, -199.77, 0.04
-24910, -0.12, -201.12, 0.03
-24897, -0.12, -202.41, -0.02
-24884, 0.12, -201.14, 0.02
-24871, -0.10, -202.29, -0.01
-24858, 0.06, -201.65, -0.05
-24845, 0.21, -199.29, 0.00
-24832, -0.03, -199.60, -0.09
-24819, 0.41, -195.12, -0.07
-24806, 0.28, -192.06, -0.01
-24793, 0.01, -191.99, -0.13
-24780, 0.58, -185.59, -0.08
-24767, 0.28, -182.47, -0.10
-24754, 0.40, -178.08, -0.22
-24741, 0.92, -168.00, -0.18
-24728, 0.71, -160.20, -0.21
-24715, 0.83, -151.04, -0.25
-24702, 1.02, -139.87, -0.18
-24689, 0.69, -132.28, -0.23
-24676, 0.95, -121.83, -0.29
-24663, 1.20, -108.63, -0.30
-24649, 1.18, -95.60, -0.34
-24636, 1.36, -80.67, -0.36
-24623, 1.47, -64.54, -0.32
-24610, 1.28, -50.43, -0.31
-24597, 1.25, -36.68, -0.39
-24584, 1.61, -18.96, -0.21
-24571, 0.78, -10.43, -0.38
-24558, 1.57, 6.86, -0.33
-24545, 1.29, 21.02, -0.26
-24532, 1.04, 32.42, -0.39
-24519, 1.63, 50.35, -0.32
-24506, 1.24, 64.00, -0.30
-24493, 1.18, 76.99, -0.31
-24479, 1.26, 90.82, -0.21
-24466, 0.78, 99.43, -0.23
-24453, 0.92, 109.57, -0.28
-24440, 1.16, 122.33, -0.14
-24427, 0.51, 127.95, -0.20
-24414, 0.82, 136.94, -0.13
-24401, 0.50, 142.47, -0.03
-24388, 0.07, 143.22, -0.06
-24375, 0.25, 145.98, -0.03
-24362, 0.11, 147.18, 0.01
-24349, -0.08, 146.35, 0.00
-24336, 0.00, 146.41, 0.04
-24323, -0.16, 144.62, 0.10
-24309, -0.44, 139.76, 0.06
-24296, -0.21, 137.44, 0.06
-24283, -0.26, 134.58, 0.10
-24270, -0.42, 130.01, 0.08
-24257, -0.30, 126.75, 0.08
-24244, -0.32, 123.24, 0.10
-24231, -0.42, 118.60, 0.01
-24218, -0.01, 118.45, 0.03
-24205, -0.13, 117.06, 0.02
-24192, -0.08, 116.20, -0.00
-24179, 0.03, 116.48, -0.00
-24166, 0.00, 116.48, 0.01
-24153, -0.03, 116.19, -0.03
-24140, 0.14, 117.77, 0.00
-24127, -0.03, 117.44, -0.02
-24114, 0.08, 118.35, 0.00
-24101, -0.02, 118.12, 0.04
-24088, -0.18, 116.13, 0.06
-24075, -0.26, 113.27, 0.06
-24062, -0.22, 110.85, 0.12
-24049, -0.49, 105.50, 0.10
-24036, -0.41, 100.98, 0.14
-24023, -0.58, 94.56, 0.17
-24009, -0.69, 86.95, 0.16
-23996, -0.65, 79.74, 0.17
-23983, -0.68, 72.24, 0.19
-23970, -0.77, 63.78, 0.15
-23957, -0.58, 57.43, 0.15
-23944, -0.59, 50.93, 0.18
-23931, -0.73, 42.87, 0.14
-23918, -0.56, 36.75, 0.19
-23905, -0.80, 27.95, 0.11
-23892, -0.41, 23.40, 0.20
-23879, -0.85, 14.04, 0.19
-23866, -0.76, 5.69, 0.15
-23853, -0.60, -0.92, 0.21
-23839, -0.84, -10.20, 0.12
-23826, -0.46, -15.31, 0.23
-23813, -0.97, -25.95, 0.17
-23800, -0.66, -33.16, 0.17
-23787, -0.70, -40.86, 0.21
-23774, -0.87, -50.42, 0.16
-23761, -0.63, -57.38, 0.16
-23748, -0.64, -64.36, 0.16
-23735, -0.63, -71.26, 0.12
-23722, -0.47, -76.42, 0.14
-23709, -0.58, -82.76, 0.12
-23696, -0.47, -87.98, 0.10
-23683, -0.39, -92.27, 0.10
-23669, -0.41, -96.75, 0.07
-23656, -0.27, -99.76, 0.10
-23643, -0.39, -104.04, 0.09
-23630, -0.34, -107.81, 0.05
-23617, -0.19, -109.89, 0.08
-23604, -0.32, -113.46, 0.07
-23591, -0.28, -116.57, 0.06
-23578, -0.23, -119.07, 0.05
-23565, -0.21, -121.41, 0.08
-23552, -0.33, -125.04, 0.03
-23539, -0.12, -126.36, 0.05
-23526, -0.21, -128.71, 0.05
-23513, -0.20, -130.95, 0.04
-23500, -0.15, -132.65, 0.06
-23487, -0.24, -135.27, 0.03
-23474, -0.13, -136.67, 0.03
-23461, -0.14, -138.22, -0.01
-23448, 0.06, -137.51, -0.06
-23435, 0.25, -134.78, -0.05
-23422, 0.18, -132.80, -0.07
-23409, 0.27, -129.82, -0.08
-23396, 0.34, -126.12, -0.09
-23383, 0.36, -122.15, -0.13
-23369, 0.55, -116.10, -0.16
-23356, 0.66, -108.79, -0.16
-23343, 0.63, -101.90, -0.21
-23330, 0.87, -92.30, -0.19
-23317, 0.75, -84.11, -0.21
-23304, 0.85, -74.76, -0.26
-23291, 1.06, -63.11, -0.24
-23278, 0.95, -52.66, -0.31
-23265, 1.27, -38.69, -0.30
-23252, 1.21, -25.40, -0.35
-23239, 1.40, -9.98, -0.35
-23226, 1.39, 5.27, -0.37
-23213, 1.49, 21.66, -0.46
-23199, 1.89, 42.42, -0.31
-23186, 1.19, 55.46, -0.46
-23173, 1.90, 76.37, -0.46
-23160, 1.82, 96.41, -0.39
-23147, 1.52, 113.16, -0.47
-23134, 1.93, 134.34, -0.43
-23121, 1.72, 153.29, -0.38
-23108, 1.51, 169.95, -0.44
-23095, 1.76, 189.34, -0.36
-23082, 1.40, 204.70, -0.35
-23069, 1.38, 219.84, -0.38
-23056, 1.55, 236.85, -0.36
-23043, 1.44, 252.67, -0.33
-23029, 1.29, 266.88, -0.29
-23016, 1.17, 279.72, -0.20
-23003, 0.77, 288.24, -0.26
-22990, 1.05, 299.80, -0.24
-22977, 0.96, 310.40, -0.21
-22964, 0.82, 319.46, -0.25
-22951, 1.00, 330.46, -0.21
-22938, 0.83, 339.61, -0.17
-22925, 0.66, 346.92, -0.11
-22912, 0.40, 351.32, -0.05
-22899, 0.16, 353.07, -0.09
-22886, 0.36, 357.07, 0.01
-22873, -0.08, 356.16, 0.01
-22860, -0.04, 355.77, -0.06
-22847, 0.25, 358.49, -0.01
-22834, 0.03, 358.87, 0.04
-22821, -0.18, 356.87, 0.02
-22808, -0.09, 355.88, 0.04
-22795, -0.17, 354.03, 0.12
-22782, -0.51, 348.38, 0.11
-22769, -0.43, 343.70, 0.11
-22756, -0.42, 339.04, 0.20
-22743, -0.83, 329.94, 0.19
-22729, -0.75, 321.74, 0.26
-22716, -1.06, 310.11, 0.30
-22703, -1.23, 296.55, 0.28
-22690, -1.13, 284.11, 0.34
-22677, -1.39, 268.87, 0.42
-22664, -1.70, 250.14, 0.45
-22651, -1.80, 230.30, 0.53
-22638, -2.13, 206.83, 0.50
-22625, -1.98, 185.04, 0.50
-22612, -1.99, 163.15, 0.48
-22599, -1.91, 142.10, 0.51
-22586, -2.05, 119.60, 0.51
-22573, -2.03, 97.31, 0.54
-22559, -2.16, 73.59, 0.62
-22546, -2.50, 46.08, 0.57
-22533, -2.28, 21.03, 0.63
-22520, -2.54, -6.86, 0.55
-22507, -2.17, -30.78, 0.61
-22494, -2.44, -57.66, 0.53
-22481, -2.09, -80.65, 0.50
-22468, -1.98, -102.47, 0.52
-22455, -2.10, -125.60, 0.51
-22442, -2.04, -148.05, 0.51
-22429, -2.05, -170.61, 0.55
-22416, -2.22, -195.04, 0.44
-22403, -1.72, -213.93, 0.56
-22389, -2.28, -238.98, 0.46
-22376, -1.82, -258.99, 0.44
-22363, -1.73, -278.04, 0.44
-22350, -1.76, -297.38, 0.44
-22337, -1.78, -316.96, 0.42
-22324, -1.67, -335.28, 0.42
-22311, -1.70, -353.95, 0.39
-22298, -1.55, -371.00, 0.32
-22285, -1.27, -385.00, 0.34
-22272, -1.38, -400.18, 0.31
-22259, -1.21, -413.49, 0.27
-22246, -1.09, -425.45, 0.29
-22233, -1.18, -438.40, 0.20
-22220, -0.75, -446.60, 0.20
-22207, -0.80, -455.41, 0.26
-22194, -1.08, -467.32, 0.13
-22181, -0.48, -472.63, 0.21
-22168, -0.89, -482.42, 0.16
-22155, -0.62, -489.24, 0.09
-22142, -0.33, -492.86, 0.11
-22129, -0.43, -497.60, -0.02
-22116, 0.13, -496.14, -0.04
-22103, 0.16, -494.39, -0.04
-22089, 0.18, -492.45, -0.08
-22076, 0.35, -488.59, -0.09
-22063, 0.35, -484.72, -0.11
-22050, 0.45, -479.79, -0.14
-22037, 0.59, -473.27, -0.24
-22024, 0.98, -462.54, -0.21
-22011, 0.82, -453.54, -0.21
-21998, 0.83, -444.43, -0.26
-21985, 1.07, -432.64, -0.31
-21972, 1.27, -418.70, -0.37
-21959, 1.52, -401.98, -0.38
-21946, 1.51, -385.41, -0.44
-21933, 1.80, -365.59, -0.47
-21919, 1.88, -344.91, -0.56
-21906, 2.26, -320.03, -0.62
-21893, 2.49, -292.64, -0.69
-21880, 2.79, -261.96, -0.70
-21867, 2.79, -231.23, -0.64
-21854, 2.55, -203.20, -0.67
-21841, 2.68, -173.72, -0.68
-21828, 2.74, -143.59, -0.67
-21815, 2.69, -114.04, -0.68
-21802, 2.70, -84.29, -0.76
-21789, 3.07, -50.57, -0.83
-21776, 3.36, -13.59, -0.87
-21763, 3.50, 24.87, -0.90
-21749, 3.59, 64.41, -0.94
-21736, 3.79, 106.05, -0.98
-21723, 3.94, 149.43, -0.95
-21710, 3.81, 191.32, -0.92
-21697, 3.68, 231.78, -0.73
-21684, 2.84, 263.03, -0.79
-21671, 3.20, 298.25, -0.77
-21658, 3.05, 331.79, -0.50
-21645, 1.90, 352.64, -0.59
-21632, 2.39, 378.90, -0.61
-21619, 2.44, 405.72, -0.54
-21606, 2.11, 428.98, -0.58
-21593, 2.35, 454.81, -0.58
-21580, 2.30, 480.14, -0.68
-21567, 2.76, 510.47, -0.63
-21554, 2.48, 537.78, -0.51
-21541, 2.00, 559.73, -0.60
-21528, 2.43, 586.44, -0.61
-21515, 2.44, 613.32, -0.65
-21502, 2.61, 641.98, -0.54
-21489, 2.11, 665.14, -0.56
-21476, 2.26, 689.95, -0.61
-21463, 2.48, 717.23, -0.63
-21449, 2.52, 745.01, -0.71
-21436, 2.87, 776.61, -0.90
-21423, 3.66, 816.90, -0.93
-21410, 3.73, 857.96, -0.94
-21397, 3.76, 899.32, -1.07
-21384, 4.33, 946.94, -1.13
-21371, 4.53, 996.82, -1.09
-21358, 4.34, 1044.57, -1.01
-21345, 4.01, 1088.71, -1.00
-21332, 4.01, 1132.86, -0.94
-21319, 3.75, 1174.11, -1.00
-21306, 4.01, 1218.20, -0.84
-21293, 3.28, 1254.28, -0.92
-21279, 3.73, 1295.29, -0.94
-21266, 3.77, 1336.73, -0.84
-21253, 3.33, 1373.36, -0.91
-21240, 3.67, 1413.77, -0.85
-21227, 3.36, 1450.77, -0.86
-21214, 3.46, 1488.88, -1.07
-21201, 4.35, 1536.69, -0.99
-21188, 3.93, 1579.95, -1.29
-21175, 5.27, 1637.90, -2.33
-21162, 9.73, 1744.98, -2.28
-21149, 9.11, 1845.16, -3.14
-21136, 12.90, 1987.03, -3.14
-21123, 12.57, 2000.00, -3.14
-21109, 12.57, 2000.00, -1.90
-21096, 7.13, 2000.00, -1.33
-21083, 5.11, 2000.00, -1.70
-21070, 6.94, 2000.00, -1.16
-21057, 4.45, 2000.00, -1.81
-21044, 7.47, 2000.00, -2.02
-21031, 8.15, 2000.00, -1.47
-21018, 5.69, 2000.00, -2.02
-21005, 8.29, 2000.00, -1.92
-20992, 7.63, 2000.00, -1.45
-20979, 5.60, 2000.00, -1.68
-20966, 6.80, 2000.00, -1.51
-20953, 5.98, 2000.00, -1.51
-20940, 6.02, 2000.00, -1.77
-20927, 7.19, 2000.00, -1.61
-20914, 6.38, 2000.00, -1.61
-20901, 6.43, 2000.00, -1.68
-20888, 6.77, 2000.00, -1.57
-20875, 6.25, 2000.00, -1.68
-20862, 6.75, 2000.00, -1.57
-20849, 6.24, 2000.00, -1.61
-20836, 6.47, 2000.00, -1.71
-20823, 6.86, 2000.00, -1.57
-20809, 6.25, 2000.00, -1.58
-20796, 6.33, 2000.00, -1.65
-20783, 6.65, 2000.00, -1.64
-20770, 6.55, 2000.00, -1.58
-20757, 6.30, 2000.00, -1.64
-20744, 6.56, 2000.00, -1.63
-20731, 6.51, 2000.00, -1.57
-20718, 6.26, 2000.00, -1.58
-20705, 6.32, 2000.00, -1.63
-20692, 6.53, 2000.00, -1.60
-20679, 6.40, 2000.00, -1.59
-20666, 6.37, 2000.00, -1.63
-20653, 6.53, 2000.00, -1.62
-20639, 6.47, 2000.00, -1.59
-20626, 6.36, 2000.00, -1.62
-20613, 6.51, 2000.00, -1.64
-20600, 6.58, 2000.00, -1.60
-20587, 6.38, 2000.00, -1.61
-20574, 6.43, 2000.00, -1.64
-20561, 6.56, 2000.00, -1.61
-20548, 6.44, 2000.00, -1.60
-20535, 6.38, 2000.00, -1.62
-20522, 6.50, 2000.00, -1.62
-20509, 6.48, 2000.00, -1.60
-20496, 6.41, 2000.00, -1.61
-20483, 6.43, 2000.00, -1.62
-20469, 6.48, 2000.00, -1.61
-20456, 6.42, 2000.00, -1.60
-20443, 6.39, 2000.00, -1.62
-20430, 6.50, 2000.00, -1.61
-20417, 6.45, 2000.00, -1.60
-20404, 6.40, 2000.00, -1.62
-20391, 6.47, 2000.00, -1.62
-20378, 6.48, 2000.00, -1.61
-20365, 6.42, 2000.00, -1.59
-20352, 6.35, 2000.00, -1.60
-20339, 6.42, 2000.00, -1.63
-20326, 6.52, 2000.00, -1.59
-20313, 6.36, 2000.00, -1.64
-20300, 6.59, 2000.00, -1.62
-20287, 6.48, 2000.00, -1.59
-20274, 6.35, 2000.00, -1.62
-20261, 6.48, 2000.00, -1.60
-20248, 6.41, 2000.00, -1.62
-20235, 6.49, 2000.00, -1.62
-20222, 6.49, 2000.00, -1.62
-20209, 6.49, 2000.00, -1.61
-20196, 6.43, 2000.00, -1.61
-20183, 6.42, 2000.00, -1.61
-20169, 6.42, 2000.00, -1.64
-20156, 6.57, 2000.00, -1.65
-20143, 6.61, 2000.00, -1.63
-20130, 6.53, 2000.00, -1.64
-20117, 6.58, 2000.00, -1.69
-20104, 6.76, 2000.00, -1.82
-20091, 7.35, 2000.00, -1.95
-20078, 7.84, 2000.00, -2.07
-20065, 8.31, 2000.00, -2.19
-20052, 8.80, 2000.00, -2.25
-20039, 9.03, 2000.00, -2.27
-20026, 9.07, 2000.00, -2.24
-20013, 8.97, 2000.00, -2.18
-19999, 8.69, 2000.00, -2.13
-19986, 8.49, 2000.00, -2.06
-19973, 8.20, 2000.00, -2.01
-19960, 8.00, 2000.00, -1.98
-19947, 7.91, 2000.00, -1.92
-19934, 7.65, 2000.00, -1.74
-19921, 6.91, 2000.00, -1.80
-19908, 7.20, 2000.00, -1.70
-19895, 6.75, 2000.00, -1.62
-19882, 6.45, 2000.00, -1.51
-19869, 6.01, 2000.00, -1.39
-19856, 5.52, 2000.00, -1.32
-19843, 5.23, 2000.00, -1.27
-19829, 5.07, 2000.00, -1.27
-19816, 5.06, 2000.00, -1.30
-19803, 5.23, 2000.00, -1.27
-19790, 5.05, 2000.00, -1.27
-19777, 5.09, 2000.00, -1.31
-19764, 5.26, 2000.00, -1.30
-19751, 5.21, 2000.00, -1.25
-19738, 5.00, 2000.00, -1.23
-19725, 4.93, 2000.00, -1.18
-19712, 4.71, 2000.00, -1.17
-19699, 4.67, 2000.00, -1.18
-19686, 4.71, 2000.00, -1.21
-19673, 4.85, 2000.00, -1.23
-19660, 4.94, 2000.00, -1.24
-19647, 4.97, 2000.00, -1.20
-19634, 4.79, 2000.00, -1.18
-19621, 4.70, 2000.00, -1.12
-19608, 4.45, 2000.00, -1.07
-19595, 4.28, 2000.00, -1.04
-19582, 4.13, 2000.00, -1.03
-19569, 4.11, 2000.00, -1.02
-19556, 4.10, 2000.00, -1.02
-19543, 4.06, 2000.00, -1.00
-19529, 3.98, 2000.00, -0.95
-19516, 3.78, 2000.00, -0.91
-19503, 3.64, 2000.00, -0.89
-19490, 3.55, 2000.00, -0.87
-19477, 3.49, 2000.00, -0.84
-19464, 3.35, 2000.00, -0.83
-19451, 3.31, 2000.00, -0.79
-19438, 3.13, 2000.00, -0.75
-19425, 2.99, 2000.00, -0.75
-19412, 3.01, 2000.00, -0.73
-19399, 2.91, 2000.00, -0.72
-19386, 2.90, 2000.00, -0.73
-19373, 2.92, 2000.00, -0.72
-19359, 2.88, 2000.00, -0.71
-19346, 2.81, 2000.00, -0.68
-19333, 2.70, 2000.00, -0.65
-19320, 2.58, 2000.00, -0.65
-19307, 2.61, 2000.00, -0.64
-19294, 2.57, 2000.00, -0.62
-19281, 2.45, 2000.00, -0.59
-19268, 2.35, 2000.00, -0.58
-19255, 2.30, 2000.00, -0.54
-19242, 2.14, 2000.00, -0.47
-19229, 1.87, 2000.00, -0.49
-19216, 1.98, 2000.00, -0.46
-19203, 1.83, 2000.00, -0.45
-19189, 1.79, 2000.00, -0.43
-19176, 1.71, 2000.00, -0.43
-19163, 1.73, 2000.00, -0.41
-19150, 1.65, 2000.00, -0.42
-19137, 1.68, 2000.00, -0.43
-19124, 1.71, 2000.00, -0.43
-19111, 1.72, 2000.00, -0.41
-19098, 1.63, 2000.00, -0.38
-19085, 1.51, 2000.00, -0.36
-19072, 1.44, 2000.00, -0.35
-19059, 1.39, 2000.00, -0.33
-19046, 1.32, 2000.00, -0.31
-19033, 1.24, 2000.00, -0.30
-19020, 1.17, 2000.00, -0.31
-19007, 1.23, 2000.00, -0.27
-18994, 1.06, 2000.00, -0.28
-18981, 1.12, 2000.00, -0.27
-18968, 1.09, 2000.00, -0.27
-18955, 1.06, 2000.00, -0.26
-18942, 1.05, 2000.00, -0.28
-18929, 1.14, 2000.00, -0.29
-18916, 1.16, 2000.00, -0.28
-18903, 1.13, 2000.00, -0.30
-18889, 1.21, 2000.00, -0.30
-18876, 1.19, 2000.00, -0.29
-18863, 1.17, 2000.00, -0.33
-18850, 1.35, 2000.00, -0.37
-18837, 1.51, 2000.00, -0.37
-18824, 1.49, 2000.00, -0.37
-18811, 1.49, 2000.00, -0.40
-18798, 1.59, 2000.00, -0.35
-18785, 1.38, 2000.00, -0.33
-18772, 1.32, 2000.00, -0.32
-18759, 1.29, 2000.00, -0.33
-18746, 1.32, 2000.00, -0.35
-18733, 1.40, 2000.00, -0.33
-18719, 1.34, 2000.00, -0.32
-18706, 1.26, 2000.00, -0.31
-18693, 1.23, 2000.00, -0.30
-18680, 1.19, 2000.00, -0.26
-18667, 1.03, 2000.00, -0.31
-18654, 1.27, 2000.00, -0.32
-18641, 1.30, 2000.00, -0.31
-18628, 1.25, 2000.00, -0.30
-18615, 1.21, 2000.00, -0.29
-18602, 1.14, 2000.00, -0.27
-18589, 1.07, 2000.00, -0.26
-18576, 1.05, 2000.00, -0.26
-18563, 1.03, 2000.00, -0.25
-18549, 0.98, 2000.00, -0.23
-18536, 0.89, 2000.00, -0.20
-18523, 0.79, 2000.00, -0.18
-18510, 0.70, 2000.00, -0.19
-18497, 0.75, 2000.00, -0.20
-18484, 0.80, 2000.00, -0.20
-18471, 0.82, 2000.00, -0.21
-18458, 0.85, 2000.00, -0.22
-18445, 0.87, 2000.00, -0.21
-18432, 0.84, 2000.00, -0.21
-18419, 0.83, 2000.00, -0.21
-18406, 0.86, 2000.00, -0.23
-18393, 0.93, 2000.00, -0.22
-18380, 0.88, 2000.00, -0.19
-18367, 0.75, 2000.00, -0.20
-18354, 0.79, 2000.00, -0.22
-18341, 0.90, 2000.00, -0.22
-18328, 0.90, 2000.00, -0.22
-18315, 0.88, 2000.00, -0.24
-18302, 0.95, 2000.00, -0.26
-18289, 1.04, 2000.00, -0.27
-18276, 1.10, 2000.00, -0.27
-18263, 1.09, 2000.00, -0.27
-18249, 1.06, 2000.00, -0.28
-18236, 1.12, 2000.00, -0.29
-18223, 1.17, 2000.00, -0.30
-18210, 1.21, 2000.00, -0.31
-18197, 1.25, 2000.00, -0.28
-18184, 1.11, 2000.00, -0.26
-18171, 1.04, 2000.00, -0.27
-18158, 1.06, 2000.00, -0.27
-18145, 1.06, 2000.00, -0.26
-18132, 1.02, 2000.00, -0.26
-18119, 1.02, 2000.00, -0.23
-18106, 0.91, 2000.00, -0.19
-18093, 0.76, 2000.00, -0.16
-18079, 0.64, 2000.00, -0.13
-18066, 0.52, 2000.00, -0.12
-18053, 0.47, 2000.00, -0.12
-18040, 0.48, 2000.00, -0.13
-18027, 0.53, 2000.00, -0.15
-18014, 0.62, 2000.00, -0.18
-18001, 0.73, 2000.00, -0.20
-17988, 0.80, 2000.00, -0.21
-17975, 0.83, 2000.00, -0.21
-17962, 0.84, 2000.00, -0.22
-17949, 0.87, 2000.00, -0.24
-17936, 0.98, 2000.00, -0.29
-17923, 1.17, 2000.00, -0.34
-17909, 1.37, 2000.00, -0.37
-17896, 1.47, 2000.00, -0.38
-17883, 1.53, 2000.00, -0.37
-17870, 1.47, 2000.00, -0.39
-17857, 1.56, 2000.00, -0.38
-17844, 1.52, 2000.00, -0.37
-17831, 1.46, 2000.00, -0.37
-17818, 1.46, 2000.00, -0.42
-17805, 1.70, 2000.00, -0.45
-17792, 1.80, 2000.00, -0.47
-17779, 1.89, 2000.00, -0.50
-17766, 2.02, 2000.00, -0.51
-17753, 2.06, 2000.00, -0.66
-17740, 2.69, 2000.00, -0.80
-17727, 3.25, 2000.00, -0.76
-17714, 3.02, 2000.00, -0.62
-17701, 2.43, 2000.00, -0.43
-17688, 1.66, 2000.00, -0.37
-17675, 1.44, 2000.00, -0.30
-17662, 1.19, 2000.00, -0.31
-17649, 1.25, 2000.00, -0.30
-17636, 1.21, 2000.00, -0.25
-17623, 0.98, 2000.00, -0.21
-17609, 0.84, 2000.00, -0.20
-17596, 0.79, 2000.00, -0.16
-17583, 0.63, 2000.00, -0.14
-17570, 0.57, 2000.00, -0.15
-17557, 0.61, 2000.00, -0.14
-17544, 0.55, 2000.00, -0.14
-17531, 0.57, 2000.00, -0.17
-17518, 0.67, 2000.00, -0.17
-17505, 0.66, 2000.00, -0.12
-17492, 0.46, 2000.00, -0.07
-17479, 0.27, 2000.00, -0.04
-17466, 0.17, 2000.00, -0.05
-17453, 0.22, 2000.00, -0.10
-17439, 0.41, 2000.00, -0.09
-17426, 0.37, 2000.00, -0.12
-17413, 0.48, 2000.00, -0.13
-17400, 0.52, 2000.00, -0.12
-17387, 0.47, 2000.00, -0.15
-17374, 0.60, 2000.00, -0.14
-17361, 0.58, 2000.00, -0.13
-17348, 0.54, 2000.00, -0.15
-17335, 0.60, 2000.00, -0.12
-17322, 0.48, 2000.00, -0.13
-17309, 0.53, 2000.00, -0.15
-17296, 0.63, 2000.00, -0.19
-17283, 0.79, 2000.00, -0.23
-17269, 0.94, 2000.00, -0.18
-17256, 0.69, 2000.00, -0.15
-17243, 0.59, 2000.00, -0.12
-17230, 0.46, 2000.00, -0.10
-17217, 0.38, 2000.00, -0.13
-17204, 0.52, 2000.00, -0.15
-17191, 0.60, 2000.00, -0.08
-17178, 0.31, 2000.00, -0.08
-17165, 0.32, 2000.00, -0.02
-17152, 0.06, 2000.00, -0.01
-17139, 0.06, 2000.00, 0.01
-17126, -0.07, 1999.25, -0.02
-17113, 0.08, 2000.00, -0.00
-17100, 0.01, 2000.00, -0.00
-17087, -0.00, 1999.99, -0.02
-17074, 0.07, 2000.00, -0.02
-17061, 0.06, 2000.00, -0.04
-17048, 0.18, 2000.00, -0.05
-17035, 0.19, 2000.00, -0.03
-17022, 0.13, 2000.00, -0.04
-17009, 0.16, 2000.00, -0.03
-16996, 0.12, 2000.00, -0.02
-16983, 0.06, 2000.00, -0.02
-16969, 0.09, 2000.00, -0.01
-16956, 0.04, 2000.00, 0.01
-16943, -0.03, 1999.63, 0.01
-16930, -0.05, 1999.10, 0.01
-16917, -0.03, 1998.74, 0.01
-16904, -0.06, 1998.07, 0.02
-16891, -0.07, 1997.33, 0.01
-16878, -0.03, 1997.03, 0.01
-16865, -0.06, 1996.36, 0.02
-16852, -0.08, 1995.53, 0.01
-16839, -0.04, 1995.04, 0.01
-16826, -0.06, 1994.40, 0.01
-16813, -0.06, 1993.78, 0.00
-16799, -0.01, 1993.72, -0.01
-16786, 0.04, 1994.14, -0.02
-16773, 0.08, 1994.98, -0.02
-16760, 0.07, 1995.75, -0.03
-16747, 0.13, 1997.18, -0.04
-16734, 0.18, 1999.14, -0.03
-16721, 0.09, 2000.00, -0.05
-16708, 0.20, 2000.00, -0.06
-16695, 0.23, 2000.00, -0.04
-16682, 0.14, 2000.00, -0.07
-16669, 0.30, 2000.00, -0.05
-16656, 0.20, 2000.00, -0.04
-16643, 0.17, 2000.00, -0.07
-16629, 0.28, 2000.00, 0.01
-16616, -0.08, 1999.08, -0.02
-16603, 0.11, 2000.00, -0.03
-16590, 0.13, 2000.00, 0.02
-16577, -0.11, 1998.84, 0.01
-16564, -0.04, 1998.44, 0.03
-16551, -0.11, 1997.26, 0.07
-16538, -0.28, 1994.14, 0.09
-16525, -0.38, 1989.99, 0.08
-16512, -0.33, 1986.34, 0.09
-16499, -0.37, 1982.30, 0.07
-16486, -0.29, 1979.07, 0.10
-16473, -0.41, 1974.60, 0.14
-16460, -0.58, 1968.26, 0.15
-16447, -0.59, 1961.73, 0.23
-16434, -0.96, 1951.21, 0.29
-16421, -1.17, 1938.30, 0.32
-16408, -1.27, 1924.32, 0.33
-16395, -1.32, 1909.83, 0.35
-16382, -1.40, 1894.45, 0.33
-16369, -1.30, 1880.18, 0.34
-16356, -1.36, 1865.17, 0.34
-16343, -1.38, 1850.00, 0.33
-16329, -1.30, 1835.73, 0.33
-16316, -1.32, 1821.18, 0.33
-16303, -1.30, 1806.87, 0.31
-16290, -1.22, 1793.45, 0.30
-16277, -1.18, 1780.45, 0.31
-16264, -1.24, 1766.77, 0.27
-16251, -1.05, 1755.25, 0.27
-16238, -1.10, 1743.12, 0.27
-16225, -1.08, 1731.20, 0.27
-16212, -1.08, 1719.28, 0.28
-16199, -1.14, 1706.74, 0.22
-16186, -0.85, 1697.44, 0.23
-16173, -0.93, 1687.24, 0.18
-16159, -0.71, 1679.41, 0.19
-16146, -0.74, 1671.23, 0.17
-16133, -0.67, 1663.81, 0.15
-16120, -0.57, 1657.52, 0.15
-16107, -0.62, 1650.67, 0.13
-16094, -0.51, 1645.11, 0.15
-16081, -0.59, 1638.60, 0.18
-16068, -0.73, 1630.53, 0.17
-16055, -0.67, 1623.18, 0.16
-16042, -0.65, 1615.99, 0.19
-16029, -0.79, 1607.31, 0.20
-16016, -0.80, 1598.47, 0.19
-16003, -0.75, 1590.18, 0.22
-15989, -0.89, 1580.36, 0.20
-15976, -0.81, 1571.43, 0.18
-15963, -0.72, 1563.51, 0.16
-15950, -0.64, 1556.42, 0.15
-15937, -0.59, 1549.90, 0.15
-15924, -0.61, 1543.22, 0.16
-15911, -0.62, 1536.36, 0.16
-15898, -0.63, 1529.47, 0.17
-15885, -0.68, 1521.94, 0.17
-15872, -0.67, 1514.59, 0.15
-15859, -0.60, 1508.04, 0.15
-15846, -0.59, 1501.52, 0.15
-15833, -0.62, 1494.71, 0.15
-15820, -0.59, 1488.28, 0.14
-15807, -0.58, 1481.95, 0.15
-15794, -0.58, 1475.54, 0.14
-15781, -0.56, 1469.36, 0.13
-15768, -0.53, 1463.52, 0.13
-15755, -0.51, 1457.95, 0.13
-15742, -0.52, 1452.19, 0.14
-15729, -0.56, 1445.98, 0.15
-15716, -0.60, 1439.37, 0.15
-15703, -0.62, 1432.53, 0.14
-15689, -0.57, 1426.22, 0.13
-15676, -0.52, 1420.47, 0.12
-15663, -0.47, 1415.34, 0.10
-15650, -0.39, 1411.06, 0.09
-15637, -0.37, 1407.01, 0.09
-15624, -0.37, 1402.99, 0.10
-15611, -0.40, 1398.57, 0.11
-15598, -0.43, 1393.86, 0.11
-15585, -0.46, 1388.83, 0.12
-15572, -0.47, 1383.62, 0.11
-15559, -0.44, 1378.74, 0.11
-15546, -0.42, 1374.13, 0.11
-15533, -0.44, 1369.24, 0.12
-15519, -0.48, 1364.01, 0.12
-15506, -0.47, 1358.78, 0.12
-15493, -0.48, 1353.47, 0.12
-15480, -0.48, 1348.24, 0.12
-15467, -0.46, 1343.20, 0.10
-15454, -0.41, 1338.71, 0.10
-15441, -0.41, 1334.24, 0.10
-15428, -0.40, 1329.81, 0.10
-15415, -0.39, 1325.49, 0.10
-15402, -0.39, 1321.26, 0.10
-15389, -0.38, 1317.03, 0.08
-15376, -0.33, 1313.38, 0.07
-15363, -0.28, 1310.25, 0.07
-15349, -0.27, 1307.30, 0.07
-15336, -0.26, 1304.44, 0.07
-15323, -0.27, 1301.50, 0.07
-15310, -0.28, 1298.41, 0.07
-15297, -0.30, 1295.11, 0.07
-15284, -0.29, 1291.90, 0.07
-15271, -0.28, 1288.84, 0.07
-15258, -0.28, 1285.79, 0.07
-15245, -0.27, 1282.82, 0.07
-15232, -0.27, 1279.83, 0.06
-15219, -0.26, 1277.02, 0.07
-15206, -0.27, 1274.08, 0.07
-15193, -0.27, 1271.06, 0.07
-15180, -0.29, 1267.92, 0.07
-15167, -0.30, 1264.66, 0.08
-15154, -0.30, 1261.35, 0.07
-15141, -0.29, 1258.17, 0.07
-15128, -0.27, 1255.23, 0.07
-15115, -0.26, 1252.37, 0.06
-15102, -0.25, 1249.62, 0.06
-15089, -0.25, 1246.87, 0.06
-15076, -0.25, 1244.13, 0.06
-15063, -0.25, 1241.43, 0.05
-15049, -0.22, 1239.04, 0.05
-15036, -0.21, 1236.68, 0.06
-15023, -0.22, 1234.25, 0.06
-15010, -0.23, 1231.75, 0.06
-14997, -0.25, 1228.97, 0.06
-14984, -0.22, 1226.55, 0.04
-14971, -0.15, 1224.94, 0.04
-14958, -0.16, 1223.20, 0.04
-14945, -0.15, 1221.56, 0.03
-14932, -0.10, 1220.48, 0.05
-14919, -0.22, 1218.07, 0.06
-14906, -0.24, 1215.42, 0.07
-14893, -0.27, 1212.46, 0.07
-14879, -0.30, 1209.22, 0.06
-14866, -0.23, 1206.67, 0.04
-14853, -0.15, 1205.04, 0.02
-14840, -0.09, 1204.01, 0.02
-14827, -0.09, 1203.03, 0.03
-14814, -0.13, 1201.63, 0.04
-14801, -0.18, 1199.67, 0.04
-14788, -0.17, 1197.76, 0.04
-14775, -0.18, 1195.80, 0.04
-14762, -0.15, 1194.14, 0.03
-14749, -0.10, 1193.00, 0.02
-14736, -0.09, 1192.05, 0.03
-14723, -0.12, 1190.78, 0.03
-14709, -0.14, 1189.25, 0.04
-14696, -0.17, 1187.39, 0.05
-14683, -0.21, 1185.11, 0.05
-14670, -0.22, 1182.69, 0.06
-14657, -0.23, 1180.20, 0.06
-14644, -0.24, 1177.56, 0.06
-14631, -0.23, 1175.00, 0.06
-14618, -0.22, 1172.54, 0.05
-14605, -0.20, 1170.31, 0.05
-14592, -0.19, 1168.19, 0.05
-14579, -0.20, 1165.99, 0.06
-14566, -0.22, 1163.54, 0.05
-14553, -0.19, 1161.40, 0.04
-14540, -0.16, 1159.61, 0.04
-14527, -0.16, 1157.86, 0.04
-14514, -0.17, 1155.99, 0.04
-14501, -0.17, 1154.12, 0.04
-14488, -0.16, 1152.31, 0.04
-14475, -0.15, 1150.64, 0.04
-14462, -0.14, 1149.08, 0.03
-14449, -0.11, 1147.87, 0.03
-14436, -0.10, 1146.77, 0.03
-14423, -0.14, 1145.22, 0.05
-14409, -0.18, 1143.19, 0.04
-14396, -0.15, 1141.56, 0.03
-14383, -0.14, 1140.08, 0.03
-14370, -0.11, 1138.84, 0.02
-14357, -0.09, 1137.86, 0.02
-14344, -0.09, 1136.89, 0.04
-14331, -0.18, 1134.92, 0.04
-14318, -0.15, 1133.22, 0.04
-14305, -0.17, 1131.33, 0.04
-14292, -0.17, 1129.42, 0.06
-14279, -0.23, 1126.87, 0.03
-14266, -0.12, 1125.55, 0.04
-14253, -0.17, 1123.73, 0.04
-14239, -0.14, 1122.18, 0.05
-14226, -0.19, 1120.12, 0.05
-14213, -0.20, 1117.93, 0.04
-14200, -0.15, 1116.25, 0.04
-14187, -0.16, 1114.46, 0.05
-14174, -0.22, 1112.05, 0.06
-14161, -0.26, 1109.25, 0.07
-14148, -0.29, 1106.02, 0.08
-14135, -0.32, 1102.55, 0.08
-14122, -0.32, 1099.07, 0.09
-14109, -0.36, 1095.16, 0.11
-14096, -0.43, 1090.42, 0.12
-14083, -0.47, 1085.21, 0.13
-14069, -0.51, 